00000000000000000000000000000000000000000000000000000000000000000000000000000000
00000000000000000000000000000000000000000000000000000000000000000000000000000000
00000000000000000000000000000000000000000000000000000000000000000000000000000000
00000000000000000000000000000000000000000000000000000000000000000000000000000000
00000000000000000000000000000000000000000000000000000000000000000000000000000000
00000000000000000000000000001100000011000000000000000000000000000000000000000000
00000000000000000000000000010010000100100000000000000000000000000000000000000000
00000000000000000000000000010010000100100000000000000000000000000000000000000000
00000000000000000000000000010010000100100000000000000000000000000000000000000000
00000000000000000000000000001100000011000000000000000000000000000000000000000000
00000000000000000000000000000000000000000000000000000000000000000000000000000000
00000000000000000000000000000000000000000000000000000000000000000000000000000000
00000000000000000000000000000000001000000000000000000000000000000000000000000000
00000000000000000000000000000000100101100000000000000000000000000000000000000000
00000000000000000000000000000000011001100000000000000000000000000000000000000000
00000000000000000000000000000000000000000000000000000000000000000000000000000000
00000000000000000000000000000000000000000000000000000000000000000000000000000000
00000000000000000000000000000000011110000000000000000000000000000000000000000000
00000000000000000000000000000000111111000000000000000000000000000000000000000000
00000000000000000000000000000001111111100000000000000000000000000000000000000000
00000000000000000000000000000011000000110000000000000000000000000000000000000000
00000000000000000000000000000001111111100000000000000000000000000000000000000000
00000000000000000000000000000000111111000000000000000000000000000000000000000000
00000000000000000000000000000000011110000000000000000000000000000000000000000000
00000000000000000000000000000000000000000000000000000000000000000000000000000000