00000000000000000000000000000000000000000000000000000000000000000000000000000000
00000000000000000000000000000000000000000000000000000000000000000000000000000000
00000000000000000000000000000000000000000000000000000000000000000000000000000000
00000000000000000000000000000000000000000000000000000000000000000000000000000000
00000000000000000000000000000000000000000000000000000000000000000000000000000000
00000000000000000000000000000000000000000000000000000000000000000000000000000000
00000000000000000000000000000000000000000000000000000000000000000000000000000000
00000000000000000000000000000000000000000000000000000000000000000000000000000000
00000000000000000000000000010001000001011000000000000000000000000000000000000000
00000000000000011000000000100000100001010100000000000000000000000000000000000000
00000000000000011000000000100000000010000100000000000000000000000000000000000000
00000000000000000000000000110001000001010100000000000000000000000000000000000000
00000000000000000000000000001110000001011000000000000000000000000000000000000000
00000000000000000000000000000000000000000000000000000000000000000000000000000000
00000000000000000000000000001110000000000000000000000000000000000000000000000000
00000000000000000000000000110001000000000000000000000000000000000000000000000000
00000000000000011000000000100000000000000011000000000000000000000000000000000000
00000000000000011000000000100000100000000011000000000000000000000000000000000000
00000000000000000000000000010001000000000000000000000000000000000000000000000000
00000000000000000000000000000000000000000000000000000000000000000000000000000000
00000000000000000000000000000000000000000000000000000000000000000000000000000000
00000000000000000000000000000000000000000000000000000000000000000000000000000000
00000000000000000000000000000000000000000000000000000000000000000000000000000000
00000000000000000000000000000000000000000000000000000000000000000000000000000000
00000000000000000000000000000000000000000000000000000000000000000000000000000000